#ChipScope Pro Analyzer Project File, Version 3.0
#Sat Mar 14 18:07:34 CST 2015
mdiAreaHeight=0.6989247311827957
mdiAreaHeightLast=0.6989247311827957
mdiCount=2
mdiDevice0=0
mdiDevice1=0
mdiType0=1
mdiType1=0
mdiUnit0=0
mdiUnit1=0
navigatorHeight=0.17876344086021506
navigatorHeightLast=0.17876344086021506
navigatorWidth=0.17655677655677657
navigatorWidthLast=0.17655677655677657
signalDisplayPath=0
